image: marsyard.pgm
resolution: 0.050000
origin: [-3.750000, -31.250000, -nan]
negate: 0
occupied_thresh: 0.65
free_thresh: 0.196

